f 1

a 6

v -100.239997 0.000000 100.240001 100.240001 0.000000 -100.239997 100.240001 0.000000

100.239996 -100.239997 0.000000 100.240001 100.240001 0.000000 -100.239997 -100.240002

0.000000 -100.239995

c 1.000000 1.000000 0.000000 0.000000 0.000000 1.000000 1.000000 1.000000 0.000000

0.000000 1.000000 0.000000

n -1.000000 -1.000000 0.000000 -1.000000 -1.000000 0.000000 -1.000000 -1.000000

0.000000 -1.000000 -1.000000 0.000000 -1.000000 -1.000000 0.000000 -1.000000 -1.000000

0.000000

t 0.000000 0.000000 1.000000 0.000000 0.000000 1.000000 -0.000000 -0.000000 1.000000

0.000000 0.000000 1.000000 0.000000 0.000000 1.000000 0.000000 -0.000000 1.000000

b -1.000000 0.000000 0.000000 -1.000000 0.000000 0.000000 -1.000000 -0.000000 0.000000

-1.000000 0.000000 0.000000 -1.000000 0.000000 0.000000 -1.000000 0.000000 0.000000